Started
Accelerometer sample rate = 119.00 Hz

Acceleration in g's
X	Y	Z
_,_,_
0.99,0.33,0.08
0.99,0.32,0.07
0.99,0.30,0.04
0.98,0.29,0.03
0.97,0.26,0.03
0.97,0.24,0.03
0.97,0.19,0.01
0.96,0.18,-0.03
0.95,0.18,-0.06
0.93,0.18,-0.07
0.92,0.17,-0.06
0.91,0.14,-0.02
0.92,0.14,0.02
0.91,0.13,0.08
0.92,0.13,0.11
0.93,0.15,0.11
0.93,0.18,0.07
0.93,0.21,0.04
0.93,0.25,-0.02
0.95,0.27,-0.04
0.99,0.30,-0.08
1.02,0.38,-0.07
1.04,0.46,-0.03
1.10,0.62,0.05
1.13,0.69,0.07
1.18,0.84,0.10
1.24,0.93,0.06
1.25,0.98,0.03
1.23,1.02,-0.10
1.26,1.02,-0.15
1.29,0.91,-0.20
1.24,0.79,-0.22
1.21,0.58,-0.20
1.16,0.37,-0.19
1.11,0.28,-0.21
1.05,0.11,-0.30
1.00,0.04,-0.37
0.89,-0.14,-0.59
0.85,-0.24,-0.69
0.78,-0.43,-0.87
0.71,-0.63,-0.96
0.67,-0.71,-0.97
0.61,-0.84,-0.95
0.60,-0.88,-0.92
0.60,-0.90,-0.84
0.60,-0.88,-0.82
0.58,-0.79,-0.86
0.56,-0.65,-0.98
0.44,-0.61,-1.02
0.42,-0.53,-0.94
0.40,-0.52,-0.86
0.30,-0.35,-0.53
0.38,-0.45,-0.44
0.36,-0.43,-0.39
0.33,-0.43,-0.45
0.29,-0.47,-0.51
0.21,-0.38,-0.53
0.13,-0.36,-0.52
0.04,-0.40,-0.40
-0.02,-0.44,-0.13
-0.05,-0.45,-0.01
-0.13,-0.45,0.10
-0.18,-0.45,-0.01
-0.41,-0.49,-0.40
-0.53,-0.48,-0.52
-0.79,-0.36,-0.28
-0.89,0.02,0.58
-0.98,0.27,1.01
-0.90,0.86,1.59
-0.81,1.02,1.55
-0.70,0.97,1.19
-0.49,0.81,1.36
-0.39,1.32,1.90
-0.35,1.69,1.94
-0.20,2.02,1.50
-0.16,2.00,1.29
-0.04,1.64,1.19
-0.00,1.32,1.29
0.04,1.16,1.32
0.01,0.98,1.37
0.02,0.84,1.39
0.07,0.61,1.44
0.09,0.53,1.45
0.09,0.40,1.42
0.11,0.40,1.36
0.13,0.39,1.17
0.14,0.53,1.01
0.14,0.61,0.94
0.13,0.76,0.88
0.13,0.80,0.87
0.14,0.83,0.92
0.13,0.83,0.98
0.15,0.79,0.97
0.15,0.77,0.94
0.15,0.76,0.91
0.15,0.69,0.85
0.15,0.65,0.83
0.15,0.59,0.81
0.15,0.58,0.82
0.15,0.59,0.82
0.13,0.63,0.82
0.13,0.63,0.80
0.14,0.57,0.76
0.14,0.54,0.75
0.14,0.49,0.75
0.15,0.52,0.76
0.15,0.56,0.76
0.15,0.64,0.73
0.15,0.67,0.71
0.14,0.68,0.69
0.14,0.66,0.68
0.14,0.61,0.68
0.15,0.55,0.67
0.16,0.53,0.67
0.16,0.53,0.69
0.16,0.56,0.70
0.16,0.64,0.71
0.15,0.67,0.71
0.16,0.68,0.69
0.17,0.67,0.69
0.17,0.63,0.68
0.18,0.59,0.69
0.18,0.59,0.70
0.18,0.62,0.72
0.18,0.63,0.73
0.19,0.65,0.74
0.19,0.64,0.73
0.18,0.62,0.71



_,_,_
0.92,0.21,0.03
0.92,0.23,0.03
0.93,0.23,-0.01
0.93,0.21,-0.04
0.95,0.15,-0.08
0.96,0.13,-0.07
0.97,0.16,-0.01
0.97,0.23,0.08
0.97,0.26,0.12
0.96,0.31,0.15
0.96,0.33,0.15
0.95,0.33,0.09
0.96,0.32,0.05
0.96,0.26,-0.01
0.96,0.22,-0.04
0.96,0.22,-0.04
0.96,0.26,-0.03
0.96,0.30,-0.02
0.97,0.39,0.01
0.98,0.48,0.04
0.97,0.52,0.04
0.97,0.58,0.06
0.97,0.63,0.09
1.00,0.73,0.17
1.02,0.78,0.22
1.07,0.82,0.31
1.11,0.79,0.28
1.11,0.76,0.21
1.15,0.66,0.01
1.15,0.62,-0.08
1.21,0.53,-0.24
1.23,0.40,-0.35
1.27,0.23,-0.47
1.27,0.02,-0.54
1.27,-0.06,-0.53
1.22,-0.20,-0.51
1.18,-0.25,-0.49
1.12,-0.35,-0.49
1.08,-0.39,-0.50
1.01,-0.45,-0.55
0.92,-0.51,-0.64
0.88,-0.54,-0.67
0.78,-0.59,-0.66
0.75,-0.63,-0.62
0.70,-0.67,-0.54
0.68,-0.71,-0.52
0.64,-0.72,-0.54
0.63,-0.73,-0.62
0.62,-0.74,-0.67
0.56,-0.73,-0.77
0.44,-0.56,-0.64
0.48,-0.73,-0.76
0.42,-0.76,-0.68
0.40,-0.74,-0.59
0.40,-0.73,-0.45
0.39,-0.70,-0.41
0.35,-0.58,-0.40
0.31,-0.51,-0.45
0.23,-0.46,-0.58
0.18,-0.43,-0.56
0.16,-0.42,-0.48
0.16,-0.42,-0.28
0.16,-0.37,-0.22
0.13,-0.18,-0.29
0.05,-0.09,-0.36
-0.00,0.05,-0.28
-0.03,0.00,0.15
-0.10,-0.02,0.64
-0.14,0.04,0.83
-0.15,0.13,0.75
-0.28,0.35,0.49
-0.34,0.44,0.44
-0.45,0.60,0.68
-0.45,0.60,0.83
-0.41,0.67,1.01
-0.38,0.73,0.88
-0.41,0.79,0.82
-0.37,1.13,0.97
-0.34,1.36,1.19
-0.26,1.72,1.65
-0.21,1.83,1.80
-0.14,1.81,1.78
-0.03,1.45,1.62
-0.01,1.25,1.53
0.07,0.94,1.35
0.09,0.82,1.25
0.11,0.69,1.07
0.12,0.68,1.02
0.12,0.69,0.98
0.16,0.75,0.96
0.15,0.79,0.96
0.15,0.90,0.92
0.15,0.96,0.90
0.13,1.05,0.87
0.13,1.05,0.87
0.14,0.99,0.87
0.14,0.86,0.86
0.14,0.81,0.85
0.14,0.75,0.84
0.13,0.75,0.84
0.14,0.75,0.82
0.13,0.74,0.80
0.13,0.68,0.78
0.12,0.61,0.78
0.13,0.58,0.78
0.13,0.58,0.79
0.13,0.58,0.78
0.13,0.60,0.76
0.13,0.62,0.76
0.14,0.64,0.74
0.14,0.66,0.73
0.14,0.65,0.72
0.14,0.61,0.71
0.15,0.57,0.69
0.16,0.54,0.66
0.16,0.53,0.67
0.15,0.58,0.68
0.14,0.64,0.73
0.14,0.66,0.76
0.14,0.66,0.78
0.14,0.64,0.77
0.14,0.59,0.71
0.14,0.56,0.66
0.15,0.55,0.65
0.15,0.55,0.66
0.15,0.56,0.71
0.16,0.61,0.74
0.16,0.64,0.75



_,_,_
0.94,0.21,0.18
0.94,0.19,0.16
0.94,0.18,0.15
0.93,0.17,0.08
0.93,0.16,-0.03
0.93,0.16,-0.05
0.94,0.18,-0.09
0.94,0.20,-0.08
0.94,0.22,-0.03
0.93,0.23,0.00
0.92,0.28,0.04
0.92,0.32,0.01
0.92,0.33,-0.02
0.91,0.30,-0.05
0.91,0.27,-0.03
0.91,0.21,0.01
0.89,0.21,0.03
0.87,0.21,0.04
0.85,0.23,0.06
0.85,0.23,0.09
0.88,0.20,0.18
0.90,0.20,0.23
0.97,0.24,0.29
1.00,0.28,0.28
1.07,0.38,0.24
1.17,0.47,0.25
1.22,0.50,0.26
1.37,0.55,0.20
1.39,0.60,0.12
1.38,0.72,-0.15
1.41,0.70,-0.37
1.42,0.59,-0.37
1.39,0.41,-0.34
1.35,0.31,-0.32
1.27,0.14,-0.24
1.23,0.06,-0.17
1.12,-0.08,0.01
1.01,-0.24,0.09
0.99,-0.32,0.08
0.88,-0.48,-0.00
0.83,-0.55,-0.04
0.68,-0.60,-0.21
0.65,-0.69,-0.37
0.60,-0.69,-0.52
0.50,-0.71,-0.56
0.52,-0.60,-0.43
0.38,-0.91,-0.66
0.44,-0.91,-0.66
0.38,-0.88,-0.76
0.38,-0.84,-0.89
0.32,-0.69,-1.08
0.42,-0.63,-1.20
0.41,-0.57,-1.28
0.42,-0.50,-1.41
0.42,-0.39,-1.32
0.43,-0.22,-1.33
0.41,-0.06,-1.46
0.29,0.03,-1.42
0.36,-0.11,-1.29
0.02,-0.02,-0.97
0.13,-0.44,-0.87
0.11,-0.71,-0.70
0.14,-0.71,-0.59
0.17,-0.74,-0.61
0.10,-0.72,-0.68
-0.09,-0.58,-0.73
-0.20,-0.50,-0.49
-0.34,-0.39,-0.35
-0.35,-0.35,0.11
-0.33,-0.26,0.37
-0.35,-0.19,0.52
-0.34,-0.12,0.45
-0.49,-0.02,0.31
-0.57,0.01,0.57
-0.54,-0.03,0.81
-0.45,0.01,1.25
-0.42,0.06,1.35
-0.34,0.24,1.31
-0.37,0.30,1.20
-0.37,0.43,1.26
-0.27,0.52,1.62
-0.21,0.55,1.76
-0.09,0.52,1.61
-0.06,0.60,1.41
-0.06,0.76,1.01
-0.09,0.84,0.95
-0.13,0.87,1.07
-0.14,0.84,1.33
-0.14,0.82,1.46
-0.11,0.97,1.67
-0.12,0.99,1.75
-0.09,1.10,1.82
-0.07,1.15,1.75
-0.11,0.76,1.71
-0.10,0.32,1.54
-0.09,0.16,1.47
-0.03,-0.01,1.33
-0.00,-0.00,1.29
0.00,0.13,1.19
0.02,0.30,1.02
0.02,0.37,0.95
0.04,0.48,0.85
0.04,0.51,0.83
0.07,0.57,0.83
0.07,0.59,0.87
0.07,0.61,0.91
0.07,0.59,0.92
0.07,0.57,0.92
0.07,0.50,0.90
0.08,0.46,0.89
0.07,0.36,0.86
0.08,0.33,0.86
0.08,0.32,0.87
0.08,0.34,0.90
0.07,0.40,0.89
0.08,0.43,0.92
0.09,0.43,0.92
0.09,0.41,0.90
0.09,0.40,0.89
0.09,0.40,0.87
0.10,0.40,0.85
0.12,0.40,0.83
0.12,0.41,0.81
0.12,0.42,0.81
0.12,0.43,0.82
0.12,0.43,0.84
0.12,0.40,0.86
0.11,0.39,0.87



_,_,_
0.95,0.26,0.02
0.93,0.28,0.02
0.94,0.28,0.03
0.94,0.26,0.07
0.94,0.24,0.10
0.94,0.20,0.12
0.95,0.17,0.09
0.95,0.16,0.06
0.95,0.15,0.03
0.95,0.15,0.02
0.96,0.18,0.04
0.95,0.20,0.06
0.94,0.24,0.10
0.94,0.25,0.12
0.93,0.25,0.12
0.93,0.23,0.11
0.93,0.25,0.10
0.94,0.33,0.09
0.95,0.38,0.07
0.94,0.47,0.05
0.93,0.49,0.09
0.97,0.48,0.13
1.07,0.48,0.19
1.12,0.51,0.18
1.16,0.59,0.03
1.16,0.63,-0.07
1.18,0.66,-0.23
1.21,0.62,-0.28
1.22,0.58,-0.25
1.24,0.46,-0.13
1.27,0.40,-0.06
1.27,0.25,0.03
1.28,0.19,0.05
1.25,0.11,-0.01
1.22,0.01,-0.13
1.22,-0.01,-0.19
1.18,-0.06,-0.30
1.13,-0.07,-0.33
1.06,-0.08,-0.35
1.02,-0.08,-0.36
0.94,-0.11,-0.40
0.87,-0.20,-0.50
0.84,-0.25,-0.55
0.78,-0.37,-0.69
0.76,-0.42,-0.76
0.72,-0.54,-0.89
0.70,-0.61,-0.90
0.72,-0.71,-0.90
0.71,-0.76,-0.91
0.70,-0.75,-0.92
0.66,-0.69,-0.94
0.62,-0.64,-0.93
0.53,-0.58,-0.88
0.51,-0.58,-0.71
0.51,-0.58,-0.60
0.55,-0.49,-0.43
0.54,-0.40,-0.40
0.48,-0.16,-0.42
0.41,-0.07,-0.47
0.33,0.03,-0.48
0.20,0.01,-0.30
0.22,-0.02,-0.18
0.24,-0.02,0.00
0.27,0.11,0.03
0.24,0.22,0.00
0.13,0.44,-0.09
0.05,0.48,-0.12
-0.11,0.34,-0.07
-0.14,0.16,0.04
-0.18,-0.19,0.36
-0.21,-0.34,0.61
-0.18,-0.36,0.72
-0.26,-0.21,0.86
-0.29,-0.15,0.88
-0.34,-0.01,1.01
-0.36,0.06,1.14
-0.35,0.13,1.33
-0.34,0.42,1.48
-0.29,0.62,1.51
-0.24,0.81,1.45
-0.25,0.83,1.41
-0.21,0.89,1.40
-0.21,0.82,1.44
-0.10,0.85,1.46
-0.06,0.82,1.46
-0.06,0.84,1.41
-0.12,0.99,1.39
-0.04,0.93,1.42
-0.10,0.84,1.63
-0.09,0.59,1.75
-0.07,0.46,1.74
-0.05,0.21,1.61
-0.02,0.12,1.52
0.01,0.06,1.33
0.02,0.07,1.24
0.03,0.13,1.11
0.05,0.25,0.99
0.06,0.31,0.94
0.07,0.47,0.86
0.06,0.53,0.85
0.06,0.61,0.86
0.06,0.62,0.89
0.07,0.60,0.93
0.08,0.54,0.92
0.09,0.52,0.90
0.08,0.48,0.85
0.08,0.45,0.82
0.08,0.39,0.81
0.08,0.36,0.81
0.07,0.33,0.82
0.07,0.33,0.85
0.06,0.35,0.86
0.07,0.39,0.89
0.06,0.41,0.90
0.06,0.46,0.91
0.07,0.46,0.89
0.07,0.45,0.87
0.06,0.44,0.84
0.05,0.44,0.85
0.06,0.48,0.90
0.06,0.51,0.93
0.06,0.53,0.95
0.05,0.50,0.92
0.05,0.46,0.89
0.07,0.42,0.85
0.07,0.41,0.83
0.06,0.42,0.81
0.06,0.43,0.81



_,_,_
0.94,0.16,0.20
0.94,0.19,0.15
0.94,0.20,0.12
0.95,0.21,0.08
0.95,0.22,0.07
0.95,0.25,0.09
0.96,0.29,0.14
0.96,0.31,0.16
0.95,0.33,0.16
0.95,0.32,0.15
0.95,0.28,0.11
0.95,0.25,0.10
0.95,0.20,0.08
0.95,0.17,0.07
0.95,0.16,0.08
0.95,0.15,0.10
0.94,0.15,0.11
0.94,0.19,0.15
0.93,0.22,0.20
0.92,0.29,0.21
0.94,0.34,0.25
0.95,0.37,0.27
0.98,0.45,0.30
0.98,0.50,0.31
1.01,0.58,0.31
1.02,0.66,0.29
1.05,0.68,0.27
1.06,0.65,0.20
1.07,0.60,0.15
1.10,0.48,0.06
1.11,0.42,0.01
1.12,0.32,-0.10
1.15,0.23,-0.21
1.16,0.20,-0.25
1.20,0.13,-0.29
1.21,0.12,-0.28
1.20,0.08,-0.24
1.19,0.05,-0.24
1.17,0.05,-0.23
1.15,0.05,-0.19
1.14,0.06,-0.14
1.09,0.05,-0.03
1.06,0.03,0.02
1.02,-0.03,0.10
1.00,-0.07,0.13
0.96,-0.17,0.12
0.91,-0.27,0.05
0.88,-0.31,-0.01
0.83,-0.41,-0.15
0.82,-0.47,-0.21
0.81,-0.55,-0.31
0.80,-0.63,-0.40
0.71,-0.63,-0.44
0.72,-0.70,-0.58
0.70,-0.71,-0.69
0.71,-0.72,-0.75
0.70,-0.70,-0.83
0.70,-0.68,-0.85
0.65,-0.65,-0.87
0.64,-0.64,-0.86
0.64,-0.63,-0.82
0.63,-0.59,-0.71
0.62,-0.57,-0.65
0.61,-0.49,-0.55
0.61,-0.40,-0.48
0.61,-0.31,-0.46
0.58,-0.19,-0.44
0.58,-0.14,-0.42
0.55,-0.06,-0.31
0.56,-0.04,-0.23
0.56,-0.05,-0.07
0.58,-0.09,-0.02
0.58,-0.07,-0.01
0.57,-0.12,-0.11
0.58,-0.13,-0.15
0.58,-0.20,-0.18
0.58,-0.21,-0.15
0.60,-0.24,-0.05
0.57,-0.23,-0.00
0.54,-0.25,-0.05
0.49,-0.26,-0.23
0.45,-0.26,-0.29
0.39,-0.30,-0.28
0.36,-0.34,-0.20
0.28,-0.30,0.08
0.19,-0.16,0.27
0.17,-0.09,0.29
0.09,0.06,0.28
0.02,0.11,0.28
-0.06,0.15,0.38
-0.10,0.15,0.63
-0.19,0.27,0.78
-0.27,0.44,0.97
-0.36,0.53,1.02
-0.46,0.66,1.12
-0.46,0.68,1.23
-0.41,0.67,1.55
-0.33,0.64,1.83
-0.30,0.67,1.94
-0.23,0.74,2.00
-0.22,0.79,1.97
-0.17,0.79,1.76
-0.16,0.75,1.62
-0.15,0.69,1.36
-0.16,0.73,1.28
-0.22,0.76,1.31
-0.17,0.79,1.36
-0.15,0.78,1.35
-0.12,0.67,1.32
-0.11,0.61,1.29
-0.06,0.48,1.21
-0.05,0.38,1.09
-0.02,0.34,1.02
0.02,0.29,0.90
0.03,0.28,0.84
0.05,0.30,0.76
0.04,0.35,0.76
0.03,0.48,0.79
0.01,0.61,0.88
0.00,0.65,0.92
-0.01,0.68,1.00
-0.02,0.67,1.03
-0.00,0.55,1.04
0.03,0.42,0.99
0.03,0.38,0.95
0.04,0.34,0.86
0.04,0.34,0.82
0.04,0.36,0.78



_,_,_
0.95,0.10,-0.12
0.96,0.13,-0.07
0.95,0.16,0.03
0.95,0.19,0.06
0.95,0.22,0.12
0.95,0.22,0.13
0.96,0.19,0.14
0.97,0.15,0.13
0.98,0.14,0.12
0.99,0.13,0.09
0.98,0.14,0.07
0.97,0.18,0.05
0.96,0.20,0.04
0.96,0.24,0.02
0.95,0.25,-0.01
0.96,0.24,-0.02
0.96,0.21,-0.05
0.96,0.20,-0.05
0.95,0.18,-0.03
0.94,0.19,-0.01
0.94,0.20,0.02
0.94,0.21,0.05
0.95,0.22,0.06
0.96,0.27,0.10
0.96,0.31,0.13
0.98,0.42,0.18
0.99,0.52,0.24
0.99,0.54,0.26
1.03,0.54,0.27
1.06,0.54,0.26
1.13,0.54,0.21
1.16,0.54,0.11
1.19,0.53,0.07
1.21,0.49,-0.06
1.22,0.48,-0.13
1.23,0.44,-0.27
1.23,0.42,-0.31
1.23,0.35,-0.35
1.21,0.26,-0.34
1.16,0.20,-0.34
1.12,0.07,-0.33
1.11,0.01,-0.34
1.09,-0.09,-0.39
1.08,-0.14,-0.41
1.04,-0.23,-0.46
0.99,-0.31,-0.50
0.96,-0.33,-0.52
0.93,-0.37,-0.54
0.91,-0.38,-0.58
0.88,-0.37,-0.60
0.81,-0.40,-0.65
0.79,-0.44,-0.68
0.78,-0.48,-0.68
0.80,-0.49,-0.64
0.81,-0.45,-0.61
0.79,-0.32,-0.63
0.77,-0.18,-0.68
0.73,-0.12,-0.68
0.69,-0.10,-0.63
0.67,-0.11,-0.58
0.65,-0.15,-0.44
0.65,-0.19,-0.38
0.63,-0.24,-0.32
0.62,-0.22,-0.33
0.61,-0.17,-0.37
0.54,-0.04,-0.46
0.50,0.01,-0.48
0.42,0.06,-0.44
0.39,0.04,-0.37
0.38,-0.07,-0.20
0.41,-0.13,-0.05
0.44,-0.15,-0.04
0.40,-0.13,-0.10
0.37,-0.11,-0.15
0.30,-0.15,-0.21
0.26,-0.20,-0.18
0.24,-0.36,-0.03
0.21,-0.38,0.21
0.21,-0.36,0.31
0.18,-0.21,0.47
0.14,-0.12,0.52
0.06,-0.00,0.59
0.03,0.02,0.66
0.01,0.02,0.70
0.04,0.14,0.73
0.04,0.28,0.74
-0.08,0.56,0.69
-0.15,0.71,0.72
-0.21,0.79,0.85
-0.22,0.82,1.01
-0.16,0.83,1.32
-0.12,0.96,1.60
-0.10,1.08,1.74
-0.09,1.20,1.87
-0.09,1.20,1.87
-0.02,0.99,1.70
-0.00,0.86,1.59
0.00,0.66,1.36
0.02,0.47,1.19
0.03,0.39,1.15
0.02,0.26,1.16
0.01,0.23,1.22
0.01,0.23,1.38
0.01,0.28,1.51
0.02,0.35,1.55
0.02,0.45,1.54
0.02,0.49,1.50
0.02,0.51,1.34
0.03,0.52,1.25
0.05,0.50,1.08
0.08,0.48,0.95
0.07,0.46,0.90
0.08,0.44,0.83
0.09,0.44,0.80
0.09,0.46,0.76
0.09,0.47,0.76
0.09,0.47,0.81
0.08,0.46,0.86
0.08,0.44,0.87
0.08,0.41,0.87
0.09,0.39,0.85
0.10,0.36,0.83
0.09,0.36,0.82
0.10,0.34,0.77
0.10,0.36,0.74
0.10,0.38,0.75
0.10,0.46,0.80
0.09,0.50,0.84



_,_,_
0.99,0.31,0.18
0.99,0.30,0.17
0.99,0.32,0.15
0.98,0.34,0.11
0.97,0.34,0.08
0.97,0.33,0.03
0.97,0.32,0.02
0.98,0.30,0.02
0.98,0.29,0.03
0.97,0.27,0.07
0.97,0.26,0.09
0.96,0.26,0.10
0.96,0.27,0.10
0.95,0.27,0.10
0.95,0.26,0.13
0.94,0.25,0.15
0.93,0.24,0.18
0.92,0.23,0.18
0.92,0.23,0.17
0.93,0.23,0.15
0.94,0.24,0.13
0.97,0.27,0.09
0.98,0.29,0.08
0.99,0.34,0.09
0.99,0.37,0.12
0.99,0.43,0.23
1.01,0.50,0.32
1.01,0.54,0.35
1.00,0.56,0.34
1.00,0.55,0.31
1.00,0.49,0.21
1.01,0.44,0.15
1.06,0.33,0.02
1.11,0.25,-0.15
1.13,0.22,-0.25
1.12,0.19,-0.42
1.11,0.16,-0.47
1.11,0.11,-0.45
1.11,0.09,-0.37
1.09,0.03,-0.15
1.08,0.01,0.08
1.08,-0.01,0.24
1.08,-0.00,0.29
1.10,0.00,0.29
1.10,0.00,0.27
1.13,-0.02,0.18
1.12,-0.04,0.11
1.11,-0.06,0.01
1.10,-0.07,-0.07
1.07,-0.08,-0.11
1.03,-0.10,-0.18
0.99,-0.13,-0.24
0.96,-0.17,-0.34
0.94,-0.20,-0.41
0.91,-0.28,-0.54
0.90,-0.39,-0.65
0.90,-0.44,-0.69
0.91,-0.50,-0.75
0.89,-0.53,-0.79
0.87,-0.55,-0.85
0.84,-0.55,-0.89
0.82,-0.54,-0.93
0.71,-0.55,-0.91
0.70,-0.52,-0.82
0.65,-0.47,-0.61
0.64,-0.43,-0.50
0.62,-0.38,-0.35
0.60,-0.32,-0.25
0.58,-0.29,-0.22
0.56,-0.26,-0.15
0.56,-0.26,-0.10
0.56,-0.25,0.00
0.57,-0.23,0.03
0.57,-0.19,0.07
0.54,-0.14,0.05
0.52,-0.11,0.03
0.48,-0.11,-0.02
0.46,-0.11,0.01
0.43,-0.11,0.09
0.40,-0.12,0.11
0.35,-0.09,0.10
0.31,0.01,0.03
0.28,0.06,-0.01
0.24,0.10,-0.03
0.23,0.10,0.00
0.24,0.05,0.11
0.27,0.05,0.19
0.26,0.08,0.25
0.25,0.17,0.14
0.24,0.22,0.08
0.22,0.29,0.08
0.21,0.29,0.15
0.17,0.21,0.38
0.08,0.32,0.60
0.03,0.44,0.65
-0.16,0.78,0.63
-0.26,0.96,0.62
-0.39,1.22,0.76
-0.42,1.29,0.91
-0.43,1.35,1.20
-0.45,1.39,1.37
-0.35,1.41,1.37
-0.35,1.74,1.63
-0.38,1.79,1.72
-0.30,1.93,1.94
-0.24,1.94,1.96
-0.16,1.70,1.82
-0.13,1.27,1.47
-0.13,1.08,1.29
-0.11,0.74,0.99
-0.08,0.62,0.88
-0.02,0.48,0.73
0.01,0.44,0.68
0.04,0.44,0.64
0.03,0.50,0.65
0.03,0.54,0.66
0.05,0.62,0.69
0.05,0.66,0.70
0.06,0.75,0.71
0.06,0.84,0.69
0.06,0.86,0.67
0.08,0.85,0.64
0.07,0.84,0.64
0.07,0.78,0.65
0.06,0.68,0.70
0.07,0.63,0.72
0.08,0.57,0.75
0.08,0.57,0.74



_,_,_
0.94,0.17,0.02
0.94,0.15,0.06
0.94,0.14,0.11
0.95,0.15,0.12
0.95,0.17,0.13
0.96,0.22,0.11
0.96,0.25,0.09
0.95,0.29,0.00
0.95,0.31,-0.03
0.95,0.32,-0.07
0.96,0.28,-0.04
0.96,0.27,-0.01
0.97,0.23,0.06
0.96,0.23,0.09
0.96,0.24,0.09
0.96,0.25,0.07
0.95,0.24,0.02
0.96,0.21,-0.01
0.97,0.20,-0.02
0.99,0.23,-0.01
1.00,0.27,0.00
1.00,0.39,0.04
1.00,0.44,0.06
1.00,0.50,0.13
1.03,0.54,0.20
1.05,0.58,0.23
1.08,0.64,0.22
1.10,0.66,0.20
1.13,0.62,0.10
1.12,0.56,-0.02
1.10,0.43,-0.08
1.11,0.31,-0.12
1.12,0.25,-0.11
1.09,0.17,-0.04
1.10,0.12,-0.01
1.05,-0.01,-0.04
1.05,-0.15,-0.02
1.04,-0.21,0.02
1.06,-0.28,0.12
0.96,-0.38,0.01
0.93,-0.37,-0.07
0.87,-0.41,-0.35
0.85,-0.42,-0.50
0.86,-0.45,-0.78
0.88,-0.46,-0.90
0.91,-0.44,-1.03
0.87,-0.40,-1.08
0.84,-0.39,-1.06
0.79,-0.40,-0.94
0.78,-0.42,-0.85
0.77,-0.43,-0.65
0.76,-0.41,-0.58
0.74,-0.36,-0.53
0.74,-0.29,-0.61
0.74,-0.26,-0.68
0.72,-0.22,-0.80
0.71,-0.22,-0.82
0.69,-0.27,-0.78
0.66,-0.31,-0.73
0.63,-0.38,-0.66
0.60,-0.39,-0.62
0.58,-0.37,-0.60
0.56,-0.31,-0.62
0.56,-0.25,-0.64
0.55,-0.18,-0.74
0.53,-0.10,-0.85
0.45,-0.06,-0.86
0.38,-0.04,-0.73
0.36,-0.04,-0.59
0.36,-0.07,-0.32
0.37,-0.06,-0.22
0.35,-0.01,-0.19
0.23,0.05,-0.26
0.17,0.05,-0.26
0.08,-0.07,-0.10
0.03,-0.15,0.04
0.00,-0.29,0.26
-0.02,-0.29,0.33
-0.11,-0.22,0.25
-0.21,0.17,0.15
-0.41,0.39,0.19
-0.47,0.60,0.41
-0.43,0.70,0.58
-0.30,0.93,0.84
-0.31,1.08,0.88
-0.29,1.34,0.80
-0.28,1.45,0.90
-0.27,1.41,1.06
-0.12,1.29,1.44
-0.12,1.34,1.64
-0.02,1.38,1.81
0.00,1.55,1.73
0.04,1.56,1.61
0.06,1.53,1.51
0.08,1.33,1.45
0.05,0.99,1.42
0.07,0.80,1.41
0.10,0.42,1.40
0.13,0.28,1.41
0.18,0.13,1.43
0.20,0.13,1.42
0.18,0.31,1.34
0.18,0.43,1.24
0.19,0.59,1.03
0.18,0.69,0.84
0.19,0.74,0.78
0.20,0.84,0.71
0.20,0.88,0.70
0.20,0.91,0.70
0.19,0.91,0.72
0.18,0.85,0.75
0.18,0.81,0.77
0.17,0.72,0.80
0.16,0.68,0.82
0.15,0.61,0.84
0.16,0.57,0.78
0.15,0.56,0.74
0.16,0.54,0.65
0.16,0.55,0.62
0.17,0.56,0.59
0.18,0.60,0.59
0.18,0.62,0.60
0.19,0.67,0.61
0.19,0.70,0.61
0.18,0.77,0.63
0.18,0.79,0.63
0.18,0.77,0.64
0.19,0.74,0.64



_,_,_
0.93,-0.00,-0.08
0.95,0.04,-0.06
0.96,0.07,-0.04
0.97,0.15,-0.01
0.97,0.19,0.01
0.96,0.26,0.06
0.96,0.27,0.08
0.96,0.26,0.14
0.96,0.24,0.16
0.97,0.20,0.18
0.98,0.18,0.18
0.97,0.15,0.15
0.96,0.14,0.13
0.97,0.11,0.10
0.97,0.10,0.08
0.99,0.11,0.03
0.98,0.12,0.01
0.98,0.17,-0.03
0.97,0.19,-0.03
0.97,0.24,0.03
0.96,0.27,0.11
0.96,0.28,0.14
0.97,0.29,0.17
0.97,0.29,0.17
0.99,0.33,0.17
0.99,0.38,0.19
1.00,0.40,0.19
1.02,0.42,0.19
1.03,0.43,0.19
1.03,0.44,0.19
1.03,0.43,0.19
1.05,0.41,0.18
1.07,0.40,0.15
1.11,0.37,0.06
1.14,0.34,-0.07
1.15,0.31,-0.13
1.14,0.26,-0.24
1.14,0.23,-0.29
1.14,0.14,-0.36
1.14,0.08,-0.38
1.14,-0.01,-0.35
1.12,-0.09,-0.29
1.11,-0.12,-0.25
1.10,-0.16,-0.18
1.10,-0.17,-0.14
1.09,-0.17,-0.10
1.09,-0.14,-0.08
1.08,-0.14,-0.09
1.05,-0.11,-0.16
1.02,-0.09,-0.21
0.96,-0.07,-0.31
0.96,-0.06,-0.36
0.91,-0.11,-0.49
0.90,-0.13,-0.56
0.89,-0.16,-0.61
0.88,-0.19,-0.73
0.87,-0.19,-0.80
0.82,-0.19,-0.98
0.80,-0.19,-1.04
0.75,-0.23,-1.09
0.71,-0.28,-1.06
0.71,-0.32,-1.03
0.70,-0.35,-0.94
0.69,-0.37,-0.89
0.63,-0.41,-0.82
0.61,-0.40,-0.76
0.56,-0.43,-0.68
0.55,-0.44,-0.58
0.54,-0.45,-0.53
0.56,-0.40,-0.42
0.57,-0.35,-0.37
0.54,-0.21,-0.34
0.52,-0.07,-0.38
0.47,-0.07,-0.40
0.43,-0.06,-0.35
0.44,-0.07,-0.29
0.46,-0.06,-0.19
0.48,-0.02,-0.18
0.45,0.09,-0.28
0.32,0.18,-0.46
0.25,0.18,-0.52
0.10,0.00,-0.44
0.04,-0.16,-0.32
-0.02,-0.39,-0.00
-0.03,-0.47,0.12
-0.14,-0.49,0.30
-0.24,-0.45,0.35
-0.33,-0.39,0.38
-0.46,-0.22,0.60
-0.51,-0.14,0.77
-0.58,0.07,1.07
-0.64,0.28,1.13
-0.66,0.38,1.10
-0.68,0.56,1.16
-0.66,0.64,1.29
-0.55,0.83,1.63
-0.50,1.01,1.79
-0.39,1.28,1.78
-0.34,1.32,1.46
-0.28,1.26,1.29
-0.24,1.01,1.13
-0.28,0.88,1.13
-0.27,0.74,1.29
-0.26,0.72,1.59
-0.27,0.73,1.74
-0.27,0.71,1.90
-0.26,0.64,1.91
-0.24,0.45,1.81
-0.21,0.29,1.56
-0.19,0.24,1.41
-0.16,0.23,1.13
-0.14,0.23,1.02
-0.14,0.29,0.90
-0.12,0.37,0.85
-0.10,0.40,0.85
-0.10,0.49,0.89
-0.10,0.53,0.92
-0.11,0.60,1.01
-0.12,0.63,1.05
-0.12,0.64,1.10
-0.12,0.58,1.10
-0.11,0.51,1.09
-0.10,0.41,1.02
-0.10,0.37,0.98
-0.10,0.33,0.88
-0.09,0.31,0.84
-0.07,0.31,0.78
-0.07,0.35,0.75



_,_,_
0.95,0.27,0.02
0.94,0.27,0.05
0.94,0.27,0.08
0.95,0.24,0.15
0.95,0.23,0.20
0.95,0.23,0.21
0.95,0.25,0.17
0.96,0.25,0.14
0.97,0.25,0.09
0.98,0.24,0.09
0.98,0.25,0.11
0.98,0.26,0.13
0.97,0.28,0.15
0.97,0.29,0.14
0.96,0.30,0.11
0.94,0.28,0.08
0.94,0.28,0.08
0.95,0.28,0.08
0.94,0.28,0.08
0.95,0.30,0.10
0.95,0.32,0.10
0.95,0.34,0.10
0.95,0.33,0.10
0.96,0.33,0.11
0.99,0.33,0.13
1.00,0.35,0.16
1.03,0.39,0.21
1.06,0.40,0.23
1.07,0.38,0.23
1.13,0.31,0.21
1.15,0.27,0.19
1.20,0.21,0.12
1.21,0.19,0.05
1.21,0.18,-0.10
1.19,0.15,-0.23
1.18,0.13,-0.27
1.16,0.06,-0.31
1.15,0.03,-0.31
1.11,-0.03,-0.29
1.10,-0.06,-0.29
1.05,-0.13,-0.31
1.01,-0.21,-0.32
1.01,-0.25,-0.32
0.99,-0.29,-0.29
0.99,-0.29,-0.27
0.96,-0.30,-0.24
0.95,-0.30,-0.22
0.93,-0.30,-0.23
0.91,-0.28,-0.27
0.90,-0.27,-0.32
0.84,-0.25,-0.44
0.80,-0.25,-0.51
0.73,-0.27,-0.64
0.68,-0.33,-0.75
0.65,-0.36,-0.78
0.64,-0.48,-0.86
0.62,-0.54,-0.88
0.59,-0.69,-0.90
0.58,-0.74,-0.91
0.56,-0.80,-0.96
0.51,-0.84,-1.03
0.49,-0.84,-1.03
0.45,-0.85,-0.97
0.44,-0.82,-0.91
0.42,-0.73,-0.84
0.38,-0.67,-0.85
0.31,-0.54,-0.86
0.26,-0.45,-0.78
0.23,-0.42,-0.71
0.23,-0.38,-0.53
0.24,-0.35,-0.45
0.24,-0.27,-0.31
0.25,-0.23,-0.28
0.25,-0.14,-0.31
0.18,-0.10,-0.40
0.15,-0.13,-0.41
0.11,-0.21,-0.24
0.15,-0.25,-0.11
0.11,-0.29,0.15
0.17,-0.23,0.34
0.13,-0.18,0.35
0.14,-0.04,0.16
0.06,0.01,0.05
-0.03,-0.02,-0.09
-0.05,0.03,-0.01
-0.19,0.17,0.33
-0.35,0.44,0.67
-0.41,0.61,0.77
-0.58,0.75,0.69
-0.72,0.80,0.66
-0.73,0.99,1.04
-0.76,1.23,1.50
-0.62,1.78,2.48
-0.39,2.22,2.79
-0.30,2.25,2.60
-0.16,1.82,1.93
-0.15,1.57,1.63
-0.13,1.02,1.28
-0.04,0.77,1.18
-0.12,0.42,1.20
-0.02,0.14,1.29
0.01,0.02,1.34
0.04,-0.17,1.40
0.04,-0.22,1.47
0.07,-0.20,1.49
0.08,-0.01,1.46
0.08,0.13,1.41
0.07,0.36,1.28
0.08,0.52,1.17
0.09,0.58,1.14
0.10,0.63,1.08
0.11,0.64,1.06
0.13,0.60,1.00
0.13,0.56,0.96
0.14,0.50,0.87
0.14,0.46,0.80
0.14,0.46,0.78
0.13,0.43,0.77
0.13,0.42,0.78
0.13,0.38,0.80
0.13,0.36,0.80
0.13,0.33,0.81
0.13,0.33,0.81
0.13,0.35,0.83
0.13,0.39,0.84
0.13,0.41,0.84
0.13,0.45,0.82
0.14,0.46,0.82
-----------------------SAMPLE FINISH---------------------