Started
Accelerometer sample rate = 119.00 Hz

Acceleration in g's
X	Y	Z
_,_,_
0.98,0.01,0.04
0.99,0.02,0.08
0.99,0.05,0.12
0.98,0.05,0.11
0.99,0.04,0.01
0.99,0.00,-0.05
0.99,-0.07,-0.15
1.00,-0.09,-0.20
1.00,-0.07,-0.20
1.01,0.03,-0.10
1.02,0.08,-0.05
1.02,0.14,0.01
1.02,0.14,0.00
1.00,0.10,-0.07
0.99,0.04,-0.15
0.99,0.02,-0.16
0.99,0.01,-0.15
0.99,0.04,-0.12
0.99,0.11,-0.08
0.99,0.13,-0.08
1.00,0.11,-0.10
1.02,0.05,-0.11
1.05,0.04,-0.07
1.11,0.07,0.05
1.14,0.14,0.15
1.17,0.18,0.16
1.18,0.23,0.08
1.18,0.23,0.03
1.25,0.20,-0.09
1.28,0.21,-0.15
1.26,0.17,-0.34
1.17,0.16,-0.42
1.09,0.16,-0.47
0.97,0.26,-0.56
0.92,0.23,-0.73
0.56,0.15,-1.02
0.48,0.15,-1.13
0.35,0.18,-1.34
0.12,0.18,-1.63
0.11,0.16,-1.77
0.09,-0.07,-2.18
0.03,-0.14,-2.30
-0.01,-0.30,-2.22
-0.08,-0.47,-2.11
-0.06,-0.64,-1.75
-0.06,-0.70,-1.50
-0.07,-0.69,-1.41
-0.13,-0.64,-1.28
-0.17,-0.63,-1.25
-0.23,-0.58,-1.19
-0.28,-0.53,-1.03
-0.38,-0.46,-0.89
-0.48,-0.26,-0.56
-0.53,-0.10,-0.41
-0.63,0.20,-0.12
-0.69,0.31,0.08
-0.71,0.46,0.69
-0.52,0.38,1.12
-0.44,0.34,1.10
-0.40,0.37,0.71
-0.45,0.42,0.67
-0.54,0.27,1.16
-0.46,0.08,1.62
-0.26,-0.41,2.12
-0.06,-0.46,1.73
-0.04,-0.32,1.40
-0.04,0.14,1.06
-0.04,0.33,0.97
-0.05,0.55,0.94
-0.01,0.54,0.95
-0.03,0.51,1.03
-0.09,0.55,1.17
-0.05,0.50,1.18
-0.06,0.43,1.46
-0.05,0.38,1.63
0.01,0.38,2.08
0.02,0.44,2.24
0.10,0.59,2.22
0.11,0.62,2.11
0.23,0.61,2.04
0.14,0.43,1.89
0.16,0.26,1.78
0.13,-0.05,1.56
0.13,-0.19,1.44
0.12,-0.32,1.28
0.16,-0.30,1.21
0.14,-0.23,1.17
0.13,-0.05,1.07
0.12,0.05,1.02
0.15,0.19,0.93
0.17,0.24,0.91
0.18,0.27,0.88
0.19,0.28,0.90
0.19,0.27,0.91
0.17,0.21,0.93
0.18,0.18,0.93
0.13,0.11,0.93
0.17,0.08,0.92
0.18,0.05,0.89
0.17,0.09,0.88
0.16,0.11,0.86
0.17,0.12,0.80
0.17,0.16,0.81
0.16,0.20,0.86
0.15,0.22,0.91
0.15,0.32,1.06
0.16,0.37,1.15
0.15,0.36,1.14
0.15,0.34,1.09
0.14,0.33,1.06
0.15,0.30,1.00
0.17,0.32,1.00
0.20,0.35,1.02
0.20,0.37,1.04
0.17,0.39,1.06
0.15,0.37,1.09
0.10,0.35,1.12
0.12,0.32,1.19
0.12,0.30,1.22
0.09,0.32,1.24
0.07,0.36,1.25
0.01,0.42,1.27
0.09,0.42,1.27
0.11,0.41,1.27
0.12,0.38,1.18
0.13,0.37,1.10
0.11,0.33,0.93
0.11,0.30,0.89



_,_,_
0.87,-0.03,-0.42
0.88,-0.08,-0.44
0.89,-0.10,-0.45
0.88,-0.14,-0.43
0.88,-0.16,-0.39
0.91,-0.18,-0.32
0.93,-0.17,-0.30
0.96,-0.12,-0.30
0.97,-0.08,-0.33
0.98,-0.04,-0.35
0.97,0.01,-0.39
0.96,0.03,-0.43
0.93,0.05,-0.50
0.90,0.06,-0.55
0.88,0.07,-0.61
0.86,0.05,-0.62
0.86,0.04,-0.58
0.87,-0.00,-0.51
0.87,-0.02,-0.49
0.87,-0.07,-0.51
0.85,-0.10,-0.62
0.84,-0.10,-0.71
0.75,-0.06,-0.92
0.73,-0.12,-1.09
0.63,-0.03,-1.33
0.57,-0.01,-1.61
0.47,0.05,-1.72
0.43,0.05,-1.90
0.60,0.03,-1.96
0.33,-0.07,-1.88
0.32,-0.10,-1.77
0.27,-0.23,-1.55
0.27,-0.33,-1.31
0.30,-0.36,-1.21
0.35,-0.31,-1.13
0.36,-0.20,-1.15
0.29,0.09,-1.25
0.19,0.27,-1.23
0.17,0.27,-1.13
0.11,0.09,-0.85
0.11,-0.03,-0.70
0.11,-0.14,-0.46
0.09,-0.11,-0.40
0.01,0.13,-0.37
-0.13,0.30,-0.21
-0.17,0.33,-0.03
-0.17,0.25,0.45
-0.11,0.19,0.64
-0.15,0.30,0.83
-0.17,0.43,0.87
-0.21,0.64,1.07
-0.15,0.22,1.33
-0.10,-0.13,1.41
-0.02,-0.55,1.30
0.01,-0.53,1.06
-0.07,-0.07,0.52
-0.16,0.21,0.44
-0.33,0.54,0.57
-0.39,0.44,1.04
-0.42,0.32,1.22
-0.37,0.47,1.69
-0.34,0.54,1.81
-0.23,0.70,1.91
-0.21,0.67,1.80
-0.14,0.49,1.64
-0.08,0.43,1.61
-0.02,0.47,1.67
0.01,0.65,1.74
0.02,0.78,1.73
0.02,0.78,1.59
0.04,0.51,1.42
0.07,0.36,1.33
0.10,0.17,1.18
0.10,0.15,1.14
0.12,0.14,1.10
0.11,0.17,1.10
0.11,0.24,1.11
0.13,0.31,1.10
0.16,0.32,1.06
0.15,0.40,1.02
0.14,0.45,1.02
0.14,0.48,1.00
0.14,0.49,1.03
0.14,0.45,1.03
0.13,0.36,1.00
0.13,0.33,0.98
0.12,0.30,0.95
0.11,0.31,0.95
0.11,0.29,0.94
0.09,0.30,0.95
0.09,0.29,0.95
0.09,0.27,0.93
0.09,0.25,0.91
0.09,0.23,0.87
0.08,0.22,0.86
0.09,0.25,0.87
0.10,0.34,0.93
0.10,0.36,0.95
0.11,0.37,0.94
0.11,0.36,0.93
0.11,0.32,0.92
0.12,0.28,0.90
0.12,0.27,0.90
0.12,0.28,0.91
0.12,0.29,0.93
0.13,0.33,0.96
0.13,0.35,0.97
0.13,0.36,0.96
0.15,0.33,0.92
0.14,0.30,0.91
0.12,0.25,0.88
0.13,0.23,0.89
0.13,0.25,0.92
0.14,0.31,0.92
0.15,0.32,0.91
0.14,0.31,0.86
0.15,0.28,0.85
0.16,0.23,0.84
0.18,0.21,0.84
0.20,0.20,0.81
0.20,0.18,0.77
0.18,0.23,0.83
0.14,0.25,0.97
0.14,0.29,1.06
0.15,0.31,1.25
0.17,0.30,1.33
0.16,0.25,1.35
0.16,0.15,1.18



_,_,_
1.05,0.33,0.19
1.06,0.32,0.22
1.07,0.30,0.20
1.06,0.29,0.11
1.06,0.29,0.06
1.07,0.31,0.02
1.09,0.25,-0.07
1.11,0.21,-0.12
1.13,0.16,-0.19
1.12,0.14,-0.23
1.07,0.11,-0.30
1.05,0.08,-0.33
0.97,-0.04,-0.42
0.96,-0.18,-0.38
0.96,-0.25,-0.31
0.97,-0.33,-0.18
0.95,-0.34,-0.12
0.94,-0.31,-0.12
0.94,-0.23,-0.10
0.97,-0.21,-0.09
0.98,-0.20,0.02
1.04,-0.27,0.01
0.97,-0.26,-0.06
0.89,-0.35,-0.37
0.84,-0.40,-0.58
0.76,-0.40,-1.02
0.68,-0.30,-1.28
0.52,0.02,-1.77
0.46,0.16,-2.24
0.38,0.30,-2.36
0.37,0.09,-2.46
0.35,-0.09,-2.36
0.30,-0.44,-1.95
0.30,-0.56,-1.65
0.29,-0.70,-1.16
0.37,-0.77,-1.03
0.36,-0.72,-1.02
0.37,-0.46,-0.96
0.38,-0.31,-0.91
0.37,-0.04,-0.74
0.35,0.03,-0.65
0.41,0.09,-0.46
0.45,0.13,-0.46
0.45,0.19,-0.53
0.32,0.37,-0.63
0.19,0.41,-0.62
-0.03,0.35,-0.31
-0.11,0.19,-0.01
-0.12,-0.12,0.64
-0.01,-0.30,1.10
0.02,-0.29,1.06
-0.09,-0.19,0.66
-0.13,-0.19,0.51
-0.21,-0.33,0.61
-0.23,-0.45,0.96
-0.16,-0.55,1.06
-0.14,-0.39,0.98
-0.12,-0.28,0.86
-0.20,-0.07,0.63
-0.22,-0.05,0.59
-0.22,-0.10,0.72
-0.19,-0.20,0.95
-0.14,-0.17,1.03
-0.17,-0.04,1.00
-0.20,0.07,0.94
-0.25,0.27,0.88
-0.26,0.29,0.91
-0.20,0.28,1.14
-0.27,0.38,1.49
-0.21,0.47,1.62
-0.19,0.72,1.73
-0.23,0.82,1.75
-0.20,0.79,1.72
-0.12,0.61,1.64
-0.17,0.29,1.61
-0.09,0.12,1.61
-0.16,0.13,1.61
-0.11,0.34,1.62
-0.09,0.41,1.55
-0.08,0.43,1.37
-0.07,0.39,1.21
-0.04,0.30,1.13
-0.02,0.28,1.08
-0.02,0.28,1.10
-0.01,0.28,1.15
-0.01,0.29,1.16
-0.03,0.34,1.17
-0.04,0.37,1.13
-0.04,0.37,1.10
-0.01,0.30,1.05
-0.03,0.27,1.04
-0.04,0.23,1.03
-0.04,0.23,1.04
-0.03,0.24,1.03
-0.02,0.28,0.97
-0.01,0.30,0.93
-0.01,0.33,0.89
-0.01,0.33,0.89
-0.02,0.31,0.91
-0.02,0.29,0.91
-0.02,0.27,0.93
-0.01,0.27,0.93
0.00,0.28,0.93
0.00,0.28,0.91
0.00,0.28,0.91
0.00,0.27,0.92
0.00,0.28,0.93
0.01,0.29,0.94
0.01,0.29,0.94
0.00,0.29,0.94
-0.00,0.28,0.94
-0.00,0.28,0.94
0.01,0.28,0.95
0.02,0.30,0.97
0.02,0.28,0.95
0.04,0.30,0.92
0.05,0.27,0.89
0.06,0.33,0.93
0.08,0.28,0.92
0.06,0.29,0.93
0.07,0.25,0.90
0.07,0.21,0.83
0.08,0.08,0.73
0.05,0.02,0.75
0.09,0.03,0.90
0.08,0.04,0.93
0.09,0.06,0.95
0.09,0.08,0.95



_,_,_
0.96,0.18,-0.08
0.96,0.27,-0.11
0.96,0.30,-0.10
0.96,0.24,-0.04
0.97,0.20,-0.01
1.01,0.14,-0.02
1.02,0.27,-0.06
1.00,0.34,-0.05
1.03,0.44,-0.03
1.05,0.55,0.01
1.05,0.56,-0.01
1.09,0.61,-0.08
1.10,0.61,-0.10
1.15,0.63,-0.06
1.17,0.64,0.05
1.21,0.44,0.02
1.20,0.40,0.08
1.25,0.30,0.14
1.31,0.31,0.12
1.22,0.26,0.10
1.16,0.16,0.10
1.12,0.07,0.07
1.06,-0.11,-0.02
1.04,-0.25,-0.11
0.89,-0.48,-0.28
0.76,-0.62,-0.53
0.72,-0.63,-0.68
0.59,-0.64,-1.07
0.55,-0.59,-1.22
0.46,-0.52,-1.49
0.43,-0.48,-1.58
0.40,-0.45,-1.66
0.35,-0.36,-1.77
0.35,-0.34,-1.88
0.32,-0.25,-1.89
0.30,-0.23,-1.81
0.26,-0.21,-1.59
0.25,-0.19,-1.49
0.19,-0.14,-1.36
0.15,-0.13,-1.23
0.10,-0.13,-1.10
0.04,-0.21,-0.96
0.01,-0.22,-0.90
-0.07,-0.24,-0.80
-0.07,-0.22,-0.64
-0.15,-0.23,-0.61
-0.20,-0.05,-0.52
-0.26,0.06,-0.45
-0.35,0.18,-0.14
-0.38,0.14,0.06
-0.40,0.09,0.43
-0.48,-0.02,0.53
-0.47,-0.02,0.63
-0.51,-0.26,0.80
-0.51,-0.42,0.96
-0.45,-0.55,1.40
-0.43,-0.55,1.53
-0.39,-0.28,1.45
-0.38,0.05,1.47
-0.29,0.26,1.67
-0.18,0.43,1.83
-0.15,0.45,1.75
-0.08,0.71,1.60
-0.06,0.74,1.58
-0.05,0.71,1.60
-0.02,0.45,1.56
0.00,0.34,1.59
0.02,0.20,1.60
0.03,0.12,1.53
0.05,0.08,1.42
0.07,0.06,1.51
0.10,0.11,1.60
0.07,0.11,1.71
0.08,0.15,1.68
0.09,0.21,1.51
0.09,0.27,1.45
0.12,0.38,1.39
0.11,0.41,1.39
0.12,0.38,1.38
0.12,0.28,1.35
0.11,0.23,1.33
0.12,0.17,1.25
0.12,0.18,1.19
0.12,0.19,1.06
0.12,0.18,1.01
0.12,0.18,0.93
0.14,0.22,0.89
0.13,0.24,0.89
0.12,0.25,0.91
0.12,0.22,0.93
0.11,0.15,0.99
0.10,0.12,1.01
0.10,0.07,1.01
0.11,0.10,0.96
0.11,0.13,0.92
0.11,0.16,0.84
0.12,0.16,0.81
0.13,0.19,0.82
0.13,0.21,0.88
0.14,0.21,0.92
0.14,0.20,0.96
0.14,0.18,0.94
0.16,0.14,0.87
0.16,0.13,0.83
0.16,0.15,0.79
0.17,0.21,0.81
0.17,0.24,0.83
0.18,0.30,0.89
0.17,0.31,0.90
0.19,0.26,0.89
0.16,0.24,0.91
0.16,0.18,0.92
0.17,0.15,0.93
0.17,0.16,0.94
0.18,0.21,0.94
0.17,0.23,0.94
0.17,0.22,0.94
0.17,0.20,0.93
0.18,0.16,0.93
0.17,0.15,0.94
0.17,0.16,0.95
0.18,0.19,0.96
0.17,0.21,0.96
0.18,0.23,0.93
0.18,0.22,0.91
0.17,0.20,0.90
0.18,0.19,0.91
0.18,0.19,0.93



_,_,_
0.86,0.31,-0.05
0.85,0.32,-0.07
0.87,0.29,-0.02
0.89,0.23,0.16
0.94,0.23,0.24
0.97,0.35,0.28
1.00,0.47,0.24
0.99,0.71,0.13
0.99,0.76,0.04
1.06,0.86,0.01
1.11,0.90,0.15
1.10,0.85,0.27
1.12,0.64,0.52
1.14,0.51,0.60
1.12,0.30,0.65
1.11,0.23,0.62
1.11,0.14,0.40
1.10,0.12,0.12
1.12,0.07,0.03
1.14,-0.05,0.02
1.19,-0.06,0.13
1.21,-0.20,0.27
1.15,-0.16,0.34
1.06,-0.09,0.21
0.94,-0.05,-0.03
0.90,-0.01,-0.13
0.72,-0.01,-0.36
0.70,0.07,-0.41
0.57,0.10,-0.59
0.52,0.18,-0.75
0.40,0.19,-0.82
0.26,0.20,-1.02
0.24,0.37,-1.08
0.20,0.40,-1.34
0.14,0.46,-1.43
0.09,0.48,-1.55
0.06,0.46,-1.73
0.02,0.43,-1.84
-0.09,0.35,-1.97
-0.13,0.29,-1.97
-0.18,0.14,-1.94
-0.18,0.08,-1.90
-0.21,-0.04,-1.84
-0.26,-0.05,-1.66
-0.29,-0.04,-1.56
-0.31,-0.08,-1.41
-0.32,-0.11,-1.35
-0.36,-0.15,-1.29
-0.37,-0.17,-1.24
-0.37,-0.23,-1.10
-0.39,-0.28,-0.92
-0.40,-0.29,-0.82
-0.49,-0.28,-0.64
-0.51,-0.25,-0.56
-0.63,-0.19,-0.37
-0.64,-0.10,-0.18
-0.73,-0.05,-0.08
-0.88,0.09,0.15
-0.89,0.17,0.23
-1.06,0.30,0.26
-1.11,0.36,0.22
-1.21,0.32,0.38
-1.37,0.18,1.39
-1.47,-0.03,2.30
-0.84,-0.17,4.00
-0.47,0.10,4.00
-0.07,0.80,3.63
0.23,0.94,2.22
0.31,0.90,1.74
0.34,0.80,1.10
0.36,0.74,0.94
0.26,0.44,0.91
0.19,0.33,1.09
0.13,0.01,1.53
0.11,-0.20,1.85
0.11,-0.27,1.85
0.13,-0.31,1.66
0.14,-0.31,1.54
0.15,-0.30,1.38
0.18,-0.20,1.29
0.17,-0.09,1.27
0.16,-0.04,1.28
0.17,0.01,1.30
0.16,-0.03,1.29
0.18,-0.00,1.26
0.17,0.01,1.21
0.18,0.02,1.07
0.18,0.09,0.95
0.19,0.10,0.89
0.19,0.17,0.85
0.19,0.18,0.85
0.19,0.17,0.90
0.19,0.17,0.95
0.18,0.08,0.97
0.16,0.03,0.99
0.16,0.03,1.00
0.17,0.05,1.01
0.17,0.06,1.01
0.15,0.08,0.95
0.16,0.09,0.90
0.16,0.12,0.90
0.12,0.13,0.94
0.19,0.12,0.95
0.17,0.08,0.95
0.17,0.06,0.94
0.16,0.03,0.94
0.17,0.02,0.94
0.17,0.03,0.93
0.18,0.06,0.90
0.18,0.07,0.89
0.20,0.09,0.91
0.19,0.15,0.97
0.18,0.16,0.99
0.17,0.16,1.00
0.16,0.19,1.02
0.16,0.14,1.04
0.20,0.15,1.08
0.13,0.02,1.00
0.16,0.22,1.17
0.11,0.06,1.12
0.12,-0.05,1.12
0.15,-0.06,1.15
0.15,-0.10,1.19
0.18,-0.10,1.18
0.05,-0.05,1.22
0.06,-0.06,1.23
0.06,-0.08,1.22
0.05,-0.10,1.23



_,_,_
0.47,-0.31,-0.80
0.42,-0.41,-0.81
0.40,-0.49,-0.82
0.37,-0.66,-0.86
0.40,-0.82,-0.92
0.40,-0.84,-0.96
0.40,-0.79,-1.05
0.39,-0.72,-1.10
0.38,-0.56,-1.13
0.38,-0.50,-1.15
0.39,-0.46,-1.20
0.36,-0.44,-1.18
0.36,-0.43,-1.15
0.35,-0.37,-1.05
0.34,-0.32,-1.00
0.31,-0.23,-0.92
0.30,-0.17,-0.86
0.26,-0.16,-0.84
0.20,-0.14,-0.79
0.20,-0.12,-0.77
0.16,-0.05,-0.72
0.11,-0.01,-0.69
0.05,0.05,-0.63
0.01,0.08,-0.63
-0.01,0.02,-0.67
-0.08,-0.00,-0.71
-0.12,0.00,-0.74
-0.27,0.15,-0.80
-0.36,0.23,-0.81
-0.60,0.29,-0.71
-0.86,0.20,-0.45
-0.95,0.17,-0.27
-1.07,0.12,0.04
-1.20,0.10,0.11
-1.54,0.10,0.22
-1.74,-0.00,0.32
-2.01,-0.16,1.14
-2.02,-0.33,2.82
-1.78,-0.28,3.69
-1.19,0.20,4.00
-1.01,0.45,3.89
-0.74,0.77,3.58
-0.48,1.02,3.04
-0.38,1.19,2.82
-0.20,1.15,2.25
-0.14,0.96,1.99
-0.12,0.54,1.63
-0.12,0.30,1.51
-0.11,-0.11,1.38
0.01,-0.40,1.26
0.01,-0.29,1.28
0.04,-0.29,1.15
0.02,-0.24,1.12
0.03,-0.08,1.13
0.05,0.07,1.17
0.05,0.21,1.19
0.03,0.31,1.17
0.06,0.33,1.16
0.06,0.33,1.16
0.06,0.33,1.16
0.07,0.30,1.13
0.08,0.28,1.10
0.08,0.23,1.04
0.07,0.19,0.96
0.06,0.17,0.92
0.09,0.16,0.85
0.08,0.14,0.83
0.06,0.13,0.82
0.05,0.12,0.83
0.06,0.12,0.85
0.07,0.13,0.89
0.07,0.13,0.90
0.07,0.13,0.90
0.09,0.16,0.90
0.08,0.24,0.91
0.07,0.29,0.91
0.06,0.29,0.91
0.07,0.25,0.90
0.07,0.24,0.91
0.07,0.21,0.94
0.07,0.19,0.95
0.07,0.18,0.97
0.08,0.17,0.95
0.07,0.18,0.94
0.09,0.20,0.89
0.09,0.22,0.87
0.09,0.25,0.88
0.09,0.25,0.89
0.09,0.20,0.91
0.09,0.15,0.93
0.08,0.13,0.93
0.08,0.15,0.95
0.07,0.16,0.96
0.07,0.18,0.96
0.07,0.19,0.96
0.07,0.19,0.96
0.08,0.17,0.95
0.07,0.15,0.94
0.07,0.15,0.94
0.06,0.15,0.95
0.07,0.16,0.98
0.07,0.19,1.00
0.07,0.20,1.00
0.07,0.19,0.98
0.07,0.18,0.97
0.06,0.15,0.96
0.06,0.15,0.95
0.07,0.16,0.95
0.07,0.20,0.96
0.06,0.22,0.96
0.06,0.22,0.96
0.07,0.21,0.95
0.08,0.20,0.93
0.08,0.20,0.92
0.08,0.20,0.92
0.07,0.22,0.94
0.06,0.23,0.95
0.04,0.23,0.97
0.04,0.22,1.00
0.03,0.19,1.12
0.05,0.18,1.25
0.04,0.18,1.26
0.03,0.16,1.20
0.04,0.15,1.14
0.04,0.13,1.04
0.04,0.12,1.01
0.10,0.12,0.99
0.14,0.14,0.97



_,_,_
1.11,0.43,0.46
1.12,0.42,0.37
1.12,0.44,0.34
1.11,0.48,0.34
1.10,0.46,0.35
1.09,0.34,0.39
1.07,0.20,0.34
1.04,0.07,0.35
1.02,-0.02,0.33
0.98,-0.09,0.30
0.93,-0.12,0.23
0.90,-0.14,0.16
0.85,-0.20,0.04
0.82,-0.22,-0.01
0.78,-0.32,-0.12
0.74,-0.40,-0.18
0.68,-0.41,-0.19
0.65,-0.49,-0.27
0.58,-0.50,-0.33
0.60,-0.51,-0.43
0.62,-0.56,-0.54
0.57,-0.63,-0.74
0.60,-0.62,-0.93
0.62,-0.60,-1.02
0.63,-0.51,-1.18
0.60,-0.45,-1.24
0.56,-0.34,-1.31
0.55,-0.24,-1.34
0.56,-0.18,-1.35
0.51,-0.08,-1.33
0.50,0.02,-1.29
0.44,0.10,-1.22
0.44,0.16,-1.21
0.43,0.13,-1.26
0.45,0.06,-1.26
0.44,-0.00,-1.24
0.46,-0.17,-1.15
0.48,-0.28,-1.09
0.48,-0.43,-1.01
0.52,-0.46,-0.96
0.52,-0.44,-0.85
0.51,-0.28,-0.75
0.50,-0.20,-0.75
0.44,0.01,-0.80
0.47,0.14,-0.87
0.39,0.25,-1.07
0.43,0.34,-1.14
0.42,0.39,-1.33
0.25,0.37,-1.39
0.25,0.35,-1.39
0.15,0.20,-1.36
0.13,0.15,-1.32
0.04,0.08,-1.18
-0.02,0.03,-1.04
-0.13,0.02,-0.96
-0.25,-0.05,-0.86
-0.31,-0.09,-0.82
-0.42,-0.16,-0.74
-0.47,-0.22,-0.70
-0.59,-0.35,-0.59
-0.67,-0.43,-0.44
-0.73,-0.44,-0.37
-0.84,-0.38,-0.30
-0.89,-0.31,-0.30
-1.02,-0.18,-0.31
-1.09,-0.15,-0.29
-1.26,-0.13,-0.14
-1.25,-0.07,0.10
-1.30,-0.10,0.21
-1.39,-0.13,0.67
-1.34,-0.09,1.03
-1.43,-0.08,1.94
-1.28,0.02,3.29
-1.06,0.20,3.83
-0.57,1.07,4.00
-0.37,1.34,3.74
-0.09,1.53,3.04
0.00,1.43,2.28
0.07,1.13,1.95
0.06,0.69,1.69
0.09,0.47,1.67
0.07,0.05,1.59
0.08,-0.08,1.59
0.09,-0.18,1.59
0.09,-0.12,1.43
0.12,0.02,1.41
0.10,0.11,1.28
0.12,0.18,1.27
0.11,0.22,1.23
0.11,0.25,1.25
0.11,0.22,1.27
0.11,0.21,1.28
0.10,0.22,1.26
0.12,0.28,1.18
0.12,0.30,1.13
0.11,0.27,1.03
0.11,0.24,1.00
0.13,0.18,0.95
0.13,0.16,0.92
0.11,0.11,0.89
0.12,0.04,0.89
0.11,0.01,0.91
0.11,0.00,1.00
0.11,0.04,1.06
0.08,0.14,1.15
0.09,0.18,1.17
0.10,0.21,1.18
0.11,0.22,1.19
0.10,0.26,1.19
0.08,0.26,1.17
0.06,0.19,1.13
0.04,0.13,1.12
0.05,0.03,1.12
0.13,-0.05,1.11
0.15,-0.08,1.08
0.19,-0.12,0.96
0.21,-0.13,0.88
0.29,-0.13,0.72
0.35,-0.10,0.61
0.43,-0.07,0.58
0.49,0.01,0.53
0.50,0.04,0.52
0.52,0.04,0.47
0.51,0.03,0.48
0.48,0.01,0.59
0.46,0.01,0.80
0.45,0.02,0.90
0.44,0.05,1.05



_,_,_
0.98,0.11,0.11
0.98,0.11,0.08
0.98,0.10,0.07
0.97,0.10,0.06
0.97,0.09,0.06
0.97,0.08,0.07
0.96,0.08,0.10
0.96,0.08,0.11
0.95,0.09,0.12
0.96,0.10,0.12
0.96,0.13,0.10
0.97,0.14,0.08
0.97,0.14,0.03
0.97,0.12,0.02
0.97,0.11,0.03
0.97,0.10,0.07
0.97,0.11,0.10
0.98,0.11,0.12
0.97,0.11,0.12
0.97,0.11,0.12
0.98,0.12,0.13
0.98,0.13,0.13
1.00,0.16,0.15
1.00,0.25,0.20
1.01,0.28,0.25
1.00,0.37,0.36
1.00,0.38,0.40
1.04,0.40,0.45
1.03,0.39,0.45
1.06,0.36,0.39
1.09,0.36,0.27
1.10,0.38,0.22
1.12,0.38,0.11
1.14,0.39,0.08
1.18,0.34,0.06
1.19,0.29,0.06
1.21,0.18,0.05
1.19,0.04,-0.01
1.19,-0.02,-0.04
1.19,-0.11,-0.11
1.17,-0.12,-0.14
1.13,-0.13,-0.26
1.10,-0.10,-0.34
1.04,0.00,-0.49
0.96,0.08,-0.66
0.92,0.12,-0.73
0.79,0.17,-0.86
0.75,0.17,-0.89
0.68,0.13,-0.97
0.64,0.05,-0.98
0.60,0.00,-1.01
0.55,-0.08,-1.04
0.53,-0.11,-1.07
0.47,-0.17,-1.15
0.45,-0.20,-1.19
0.42,-0.27,-1.24
0.40,-0.33,-1.25
0.38,-0.36,-1.24
0.34,-0.39,-1.19
0.32,-0.43,-1.17
0.28,-0.45,-1.11
0.25,-0.43,-1.05
0.24,-0.41,-1.02
0.22,-0.33,-0.95
0.20,-0.28,-0.91
0.16,-0.17,-0.84
0.13,-0.10,-0.78
0.13,-0.07,-0.75
0.09,-0.03,-0.67
0.09,-0.02,-0.65
0.08,0.04,-0.62
0.02,0.12,-0.58
-0.04,0.16,-0.56
-0.14,0.16,-0.51
-0.18,0.12,-0.48
-0.25,-0.02,-0.38
-0.27,-0.09,-0.31
-0.32,-0.19,-0.16
-0.45,-0.16,-0.03
-0.54,-0.13,0.04
-0.72,-0.17,0.23
-0.84,-0.23,0.38
-1.01,-0.13,0.97
-1.12,-0.02,1.46
-0.92,-0.29,2.25
-0.70,0.29,2.26
-0.72,0.43,1.86
-0.60,0.70,1.53
-0.55,0.70,1.61
-0.46,0.70,2.16
-0.40,0.88,2.46
-0.30,0.95,2.33
-0.23,1.20,1.97
-0.07,1.20,1.85
-0.05,1.07,1.77
-0.12,0.90,1.74
-0.06,0.60,1.73
-0.08,0.24,1.62
-0.07,0.15,1.58
-0.09,0.01,1.48
-0.11,-0.05,1.42
-0.07,0.06,1.27
-0.08,0.12,1.18
-0.03,0.23,1.06
-0.02,0.34,1.01
0.01,0.39,1.02
0.01,0.42,1.07
0.01,0.43,1.11
0.03,0.43,1.17
0.04,0.41,1.17
0.03,0.39,1.12
0.04,0.39,1.05
0.04,0.39,1.03
0.02,0.37,0.99
0.02,0.34,0.98
0.01,0.29,0.97
0.01,0.26,0.96
-0.01,0.26,0.97
-0.03,0.27,1.00
-0.05,0.28,1.01
-0.08,0.26,1.07
-0.10,0.25,1.10
-0.06,0.22,1.18
-0.12,0.21,1.25
-0.15,0.20,1.30
-0.24,0.19,1.38
-0.30,0.18,1.41
-0.39,0.12,1.42



_,_,_
0.97,0.19,0.23
0.96,0.26,0.19
0.94,0.28,0.11
0.95,0.25,0.07
0.94,0.23,0.06
0.94,0.21,0.08
0.96,0.18,0.13
0.98,0.17,0.15
0.99,0.17,0.17
0.99,0.21,0.20
0.99,0.23,0.22
0.98,0.26,0.23
0.99,0.27,0.23
0.99,0.25,0.20
1.00,0.24,0.20
1.01,0.22,0.20
1.02,0.23,0.19
1.02,0.24,0.19
1.03,0.25,0.18
1.04,0.26,0.18
1.06,0.25,0.17
1.07,0.26,0.16
1.13,0.26,0.16
1.18,0.28,0.12
1.21,0.31,0.11
1.25,0.35,0.08
1.25,0.38,0.07
1.23,0.41,0.04
1.16,0.42,-0.01
1.12,0.44,-0.06
1.04,0.48,-0.20
1.00,0.48,-0.30
0.90,0.44,-0.46
0.85,0.39,-0.53
0.76,0.25,-0.64
0.68,0.07,-0.73
0.68,-0.00,-0.77
0.55,-0.11,-0.79
0.52,-0.19,-0.81
0.45,-0.27,-0.86
0.43,-0.31,-0.91
0.36,-0.38,-1.03
0.32,-0.45,-1.14
0.33,-0.48,-1.20
0.28,-0.51,-1.30
0.27,-0.49,-1.36
0.25,-0.45,-1.50
0.25,-0.40,-1.59
0.21,-0.29,-1.61
0.14,-0.19,-1.61
0.12,-0.13,-1.57
0.07,-0.07,-1.46
0.06,-0.05,-1.40
0.06,-0.01,-1.28
0.03,0.04,-1.12
0.00,0.04,-1.04
-0.03,0.06,-0.84
-0.05,0.07,-0.73
-0.10,0.09,-0.56
-0.11,0.07,-0.45
-0.17,0.05,-0.41
-0.24,-0.01,-0.35
-0.29,-0.02,-0.32
-0.39,-0.04,-0.30
-0.54,-0.01,-0.28
-0.64,-0.07,-0.28
-0.83,-0.22,-0.18
-0.81,-0.23,-0.05
-1.05,-0.38,0.28
-1.08,-0.27,0.61
-1.09,-0.13,1.22
-1.10,-0.16,1.48
-1.13,-0.11,1.49
-1.07,0.12,1.62
-1.03,0.29,1.80
-1.01,0.82,2.67
-0.86,1.02,3.04
-0.53,1.26,2.97
-0.29,1.20,2.29
-0.33,1.01,1.94
-0.24,0.74,1.55
-0.22,0.64,1.48
-0.20,0.58,1.52
-0.14,0.42,1.62
-0.21,0.37,1.69
-0.21,0.15,1.70
-0.27,0.04,1.71
-0.23,-0.23,1.67
-0.02,-0.22,1.61
-0.16,0.65,1.91
-0.08,0.29,1.40
-0.07,0.30,1.05
-0.03,0.31,1.03
0.02,0.29,1.00
-0.03,0.26,1.04
-0.05,0.22,1.02
-0.05,0.19,1.00
-0.06,0.16,1.05
-0.07,0.11,1.08
-0.05,0.09,1.08
-0.04,0.17,1.08
-0.04,0.29,1.05
-0.04,0.33,1.02
-0.03,0.35,0.94
-0.01,0.34,0.90
-0.01,0.32,0.89
-0.01,0.29,0.91
-0.01,0.26,0.91
-0.02,0.22,0.92
-0.02,0.22,0.94
-0.01,0.23,0.96
-0.01,0.25,0.96
-0.01,0.25,0.96
-0.01,0.26,0.96
-0.01,0.27,0.96
-0.02,0.29,0.98
-0.02,0.34,1.05
-0.02,0.36,1.09
-0.02,0.33,1.13
-0.02,0.30,1.13
-0.04,0.22,1.10
-0.04,0.19,1.09
-0.07,0.15,1.07
-0.10,0.16,1.16
-0.11,0.17,1.26
-0.13,0.16,1.46
-0.15,0.13,1.51
-0.17,0.08,1.50



_,_,_
0.90,0.08,-0.02
0.88,0.04,-0.03
0.88,-0.01,0.00
0.89,-0.04,0.03
0.91,-0.11,0.09
0.93,-0.13,0.11
0.96,-0.13,0.12
0.98,-0.10,0.14
1.00,0.00,0.20
1.01,0.12,0.31
1.03,0.16,0.37
1.03,0.20,0.44
1.03,0.21,0.45
1.04,0.25,0.42
1.06,0.27,0.32
1.07,0.31,0.25
1.07,0.31,0.09
1.06,0.30,0.03
1.06,0.26,-0.01
1.06,0.24,0.01
1.06,0.25,0.15
1.05,0.24,0.25
1.05,0.23,0.25
1.04,0.18,0.18
1.04,0.17,0.16
1.06,0.09,0.12
1.07,0.04,0.10
1.07,0.02,0.06
1.07,0.05,0.04
1.06,0.10,-0.08
1.04,0.17,-0.24
1.00,0.23,-0.30
0.96,0.25,-0.48
0.95,0.24,-0.57
0.90,0.24,-0.68
0.86,0.24,-0.74
0.80,0.23,-0.82
0.74,0.18,-0.91
0.71,0.14,-0.96
0.65,0.13,-1.03
0.59,0.11,-1.10
0.50,0.06,-1.24
0.46,-0.04,-1.39
0.44,-0.09,-1.45
0.42,-0.15,-1.56
0.41,-0.15,-1.60
0.37,-0.07,-1.67
0.34,-0.02,-1.66
0.28,-0.03,-1.60
0.25,-0.12,-1.40
0.24,-0.18,-1.29
0.26,-0.25,-1.10
0.28,-0.23,-1.02
0.26,-0.12,-0.90
0.23,-0.02,-0.79
0.21,-0.02,-0.72
0.18,-0.13,-0.56
0.19,-0.21,-0.48
0.20,-0.32,-0.31
0.22,-0.34,-0.28
0.22,-0.15,-0.25
0.15,0.13,-0.31
0.05,0.19,-0.35
-0.07,0.25,-0.33
-0.10,0.20,-0.29
-0.19,-0.05,-0.16
-0.26,-0.28,0.03
-0.23,-0.28,0.16
-0.30,-0.20,0.24
-0.35,-0.11,0.24
-0.43,0.07,0.23
-0.49,0.07,0.33
-0.63,0.07,0.53
-0.71,0.05,1.19
-0.70,-0.04,1.49
-0.57,-0.07,1.82
-0.54,0.07,1.82
-0.58,0.36,1.59
-0.57,0.42,1.67
-0.55,0.47,1.88
-0.54,0.45,2.15
-0.48,0.48,2.21
-0.36,0.48,2.12
-0.47,0.47,2.11
-0.36,0.33,2.07
-0.25,0.18,2.12
-0.25,0.13,2.10
-0.25,0.04,1.93
-0.25,-0.00,1.78
-0.19,-0.14,1.47
-0.15,-0.17,1.33
-0.11,-0.19,1.10
-0.07,-0.10,0.98
-0.07,-0.02,0.97
-0.03,0.15,1.04
-0.02,0.22,1.09
-0.01,0.29,1.17
-0.01,0.30,1.18
-0.00,0.25,1.16
0.00,0.15,1.10
0.00,0.11,1.04
0.02,0.04,0.96
0.02,0.04,0.95
0.03,0.05,0.95
0.02,0.07,0.96
0.02,0.06,0.95
0.01,0.05,0.92
0.02,0.06,0.91
0.04,0.08,0.91
0.03,0.10,0.93
0.03,0.12,0.97
0.03,0.12,0.98
0.02,0.14,0.99
0.01,0.14,1.00
0.01,0.17,1.01
0.01,0.17,1.05
0.00,0.13,1.05
0.01,0.05,1.02
-0.00,0.02,1.00
-0.01,-0.02,0.97
-0.01,-0.01,0.99
-0.02,0.02,1.07
0.00,0.05,1.16
-0.01,0.05,1.18
-0.00,-0.01,1.12
-0.01,-0.07,1.01
-0.04,-0.08,0.99
-0.05,-0.10,1.05
-----------------------SAMPLE FINISH---------------------